0  5.66113e-05  1.72759e-05 -7.94727e-06 0.245084 0.968278 -2.85196e-05 0.0487067
1  -0.381029   0.157425 -0.0037498 0.122731 0.99061 0.0464692 0.0383287
2    -0.611624     0.277302 -0.000860124 0.0182843 0.996462 0.00456667 0.0819088
3    -1.6117   0.231092 -0.0292591 -0.0346587 0.996254 0.0305875 0.0730816
4   -1.78445   0.258641 -0.0230752 0.0728434 0.994684 -0.000629163 0.0727807
5   -2.79088   0.313309 -0.0218067 0.0675331 0.995316 0.0172957 0.0669848
6   -3.66119   0.478936 -0.0410892 -0.038135 0.996595 0.00748159 0.0727184
7  -3.66634  0.420987 -0.042594 -0.150551 0.986917 0.0513696 0.0262631
8   -4.64325   0.111923 -0.0435136 -0.14603 0.986373 0.0398431 0.0644666
9   -4.73662   0.117472 -0.0521227 -0.0398062 0.995967 0.0280939 0.0753377
10   -5.75021  0.0145566 -0.0638104 -0.0458252 0.997086 0.0257027 0.0553152
11   -6.77501  0.0490825 -0.0841332 0.057794 0.995971 0.00503679 0.0683813
12   -7.03937  0.0492232 -0.0977647 -0.0519209 0.996516 0.031723 0.0570464
13   -7.39038  0.0576362 -0.0958494 -0.163824 0.983319 0.0176285 0.0770347
14  -8.11871  -0.27466 -0.107705 -0.273718 0.960259 0.0391986 0.0380116
15  -8.42627 -0.418245 -0.117006 -0.381964 0.920429 0.0395663 0.0731344
16   -8.6954 -0.814652 -0.130987 -0.478405 0.873928 0.0633466 0.0580153
17  -9.07664  -1.44263 -0.137731 -0.573207 0.814819 0.0527597 0.068704
18  -9.16174  -1.84197 -0.156255 -0.658747 0.747751 0.0656212 0.0511326
19  -9.20025  -2.43659 -0.149605 0.732938 -0.677007 -0.0579218 -0.0332924
20  -9.15496  -3.46512 -0.163404 -0.682785 0.727363 0.0436257 0.053337
21  -9.16054  -4.41779 -0.179718 0.757796 -0.648082 -0.0505754 -0.0563573
22  -9.13072  -4.96486 -0.187124 -0.680579 0.728818 0.0409204 0.0629503
23  -9.14002  -5.97773 -0.195223 -0.681239 0.728921 0.0403431 0.0543953
